
	WATERSHED 6

logit(theta[i]) <-  beta[1] + beta[2] * Agr[1] + beta[3] * Elv[i] + beta[4] * Area[i] + beta[5] * Urb[i] +
beta[6] * Slop[i] + beta[7] * Temp[i] + beta[8] * For[i] + beta[9] * s[i]

               mean        sd          2.5%          50%       97.5% Rhat n.eff
alpha    1.66314856 3.9128675  1.748838e-01  0.899788500  7.49168150 1.09  1500
beta[1]  1.65989799 0.6065042  6.157991e-01  1.606505000  3.07063425 1.01  1374
beta[2] -0.10032639 3.1425444 -6.462628e+00 -0.116626500  6.20362600 1.00  1500
beta[3] -2.30686387 0.9378082 -4.190406e+00 -2.272035000 -0.59508983 1.00  1500
beta[4] -0.24567695 0.2285844 -6.974898e-01 -0.242462500  0.19876265 1.00  1490
beta[5]  0.26478497 0.2494268 -2.094489e-01  0.259924000  0.75399867 1.00  1500
beta[6] -0.37640559 0.2777307 -9.227983e-01 -0.379486000  0.17691895 1.00  1387
beta[7] -2.23459446 0.9466363 -4.124211e+00 -2.235155000 -0.39785630 1.00  1500
beta[8] -0.09956269 0.2365607 -5.216065e-01 -0.109929500  0.37135037 1.00  1500
beta[9] -0.45320559 0.3165591 -1.134639e+00 -0.421837000  0.07708323 1.00  1579
s[1]     0.90357335 0.9766482  2.220391e-04  0.577807000  3.51957500 1.01  1003
s[2]     1.30907014 1.4015322  3.311849e-03  0.795157500  5.07869725 1.01  1008
s[3]     1.66724847 2.3883792  3.924074e-05  0.603950500  8.56073175 1.01   876
s[4]     1.93004788 1.9467225  8.410120e-02  1.264895000  7.56160750 1.01   869
s[5]     0.65355624 0.8628597  5.365401e-07  0.285239000  3.03846050 1.01   997
s[6]     0.78515161 0.7869965  3.659504e-04  0.563282500  2.85643700 1.01  1000
s[7]     0.63971363 1.1753112  6.670582e-11  0.084292050  4.23890450 1.02   873
s[8]     0.93115561 1.5920787  6.674932e-11  0.146272500  5.69536425 1.01   878
s[9]     1.46030474 2.1877867  3.914601e-05  0.478230500  7.87563575 1.01   874
s[10]    3.13271243 1.7411127  1.169574e+00  2.536645000  7.97974600 1.01  1004
s[11]    1.74828907 2.2223951  1.952544e-04  0.894617500  8.12196100 1.01   875
s[12]    2.13944056 2.4921967  3.788086e-05  1.113975000  8.58244925 1.01  1028
s[13]    0.62905656 1.2100027  1.457897e-09  0.101508000  4.34380825 1.02   868
s[14]    1.25703962 0.5965925  1.000000e+00  1.003700000  3.11699025 1.02   965
s[15]    1.38633759 1.5291552  3.310490e-03  0.789743000  5.48302075 1.01  1011
s[16]    2.96883519 1.4928993  2.000000e+00  2.286755000  7.32114700 1.01   873
s[17]    2.26998596 1.9192806  1.000100e+00  1.455490000  7.99673175 1.01   869
s[18]    1.89085762 2.0753616  2.687369e-04  1.132980000  7.36230800 1.01  1018
s[19]    2.82537977 2.1803566  9.851863e-01  1.963770000  8.72919850 1.01  1013
s[20]    0.53558855 0.9131126  6.658141e-11  0.119878500  3.22855100 1.01   866
s[21]    1.10208859 0.7271883  2.023386e-01  0.889377500  3.11353250 1.01   977
s[22]    2.82412422 2.1801185  9.851853e-01  1.962090000  8.72806850 1.01  1013
s[23]    3.05722033 2.4926303  3.932684e-02  2.426325000  9.17971625 1.01  1037
s[24]    1.63349570 2.3796931  2.733072e-06  0.567119000  8.51453750 1.01   876
s[25]    1.18238944 1.9919439  3.308730e-11  0.226633000  7.11913925 1.01   874
s[26]    0.08430417 0.2302190  0.000000e+00  0.000423042  0.76733407 1.02   955
s[27]    0.20469367 0.4198623  0.000000e+00  0.012692500  1.48188075 1.02   966
s[28]    1.25703962 0.5965925  1.000000e+00  1.003700000  3.11699025 1.02   965
s[29]    3.31445193 2.1628324  1.012200e+00  2.650440000  8.87886375 1.01  1023
s[30]    2.96883519 1.4928993  2.000000e+00  2.286755000  7.32114700 1.01   873
s[31]    2.96883519 1.4928993  2.000000e+00  2.286755000  7.32114700 1.01   873
s[32]    2.96883519 1.4928993  2.000000e+00  2.286755000  7.32114700 1.01   873
s[33]    1.20827186 1.9707518  1.646518e-09  0.260529000  7.01281125 1.01   875
s[34]    1.20827186 1.9707518  1.646518e-09  0.260529000  7.01281125 1.01   875
s[35]    1.99999277 1.8769376  9.469367e-02  1.397020000  7.43831600 1.01   868
s[36]    0.92186896 1.0428327  2.215104e-04  0.552725000  3.76372000 1.01  1000
s[37]    0.68868102 0.9068296  5.235772e-07  0.321691500  3.23125700 1.01   876
s[38]    0.68868102 0.9068296  5.235772e-07  0.321691500  3.23125700 1.01   876
s[39]    1.73110014 1.8288084  1.382343e-02  1.016865000  6.57409175 1.01  1015
s[40]    1.73110014 1.8288084  1.382343e-02  1.016865000  6.57409175 1.01  1015
s[41]    3.31527280 2.1629922  1.012351e+00  2.651310000  8.87996375 1.01  1023
s[42]    3.13271243 1.7411127  1.169574e+00  2.536645000  7.97974600 1.01  1004
s[43]    3.13271243 1.7411127  1.169574e+00  2.536645000  7.97974600 1.01  1004
s[44]    1.81509454 1.8702134  1.382368e-02  1.124045000  6.73901900 1.01  1016
s[45]    0.84083696 1.5625869  1.457907e-09  0.128856000  5.61743825 1.02   869
s[46]    0.84083696 1.5625869  1.457907e-09  0.128856000  5.61743825 1.02   869
s[47]    1.08629620 0.7098362  2.023386e-01  0.881185000  3.05279675 1.01   976
s[48]    1.08629620 0.7098362  2.023386e-01  0.881185000  3.05279675 1.01   976
s[49]    1.33162203 2.1025155  2.960985e-08  0.332130000  7.49831950 1.01   877
s[50]    0.65892276 1.1007205  3.755121e-09  0.147551500  3.95924600 1.01   872
s[51]    0.18457701 0.3912741  0.000000e+00  0.009869945  1.35473500 1.02   960
s[52]    0.18457701 0.3912741  0.000000e+00  0.009869945  1.35473500 1.02   960
s[53]    0.78950033 1.0976807  1.370710e-06  0.315573500  3.90278650 1.01   876
s[54]    0.74299927 0.7579305  3.655221e-04  0.520564000  2.75042075 1.01   997
s[55]    2.79046001 2.0073278  1.988515e-01  2.214580000  8.08770225 1.01  1019
s[56]    1.63489869 2.4329201  2.450851e-06  0.515915000  8.68046000 1.01   876
s[57]    1.96073579 1.5898926  1.000000e+00  1.243350000  6.72154400 1.01   870
s[58]    2.26998596 1.9192806  1.000100e+00  1.455490000  7.99673175 1.01   869
s[59]    2.26998596 1.9192806  1.000100e+00  1.455490000  7.99673175 1.01   869
s[60]    0.73774359 1.2377848  4.033712e-09  0.194382500  4.44586075 1.02   867
s[61]    3.05140860 1.8696072  4.476410e-01  2.511890000  8.06973125 1.01  1015
s[62]    1.96073579 1.5898926  1.000000e+00  1.243350000  6.72154400 1.01   870
s[63]    1.46247800 2.2252675  8.548861e-07  0.460539000  7.98827450 1.01   874
s[64]    0.82609578 1.4509310  1.427305e-13  0.118995500  5.16686475 1.01   873
s[65]    1.78086671 0.9811308  1.758565e-01  1.605185000  4.07582950 1.01  1072
s[66]    2.28306071 2.2247180  5.506945e-02  1.475745000  8.19020075 1.01  1017
s[67]    1.10516027 0.8915807  8.533323e-02  0.792593000  3.56899325 1.01  1003
s[68]    2.53261700 1.5487134  2.190996e-01  2.235965000  6.13445175 1.01  1075
s[69]    2.00565248 2.6284484  2.492896e-04  0.926290500  9.53249125 1.01   878
s[70]    1.32951218 1.2333033  1.286538e-02  0.905805000  4.43190575 1.01  1030
s[71]    1.25540524 1.8286462  1.688552e-07  0.395000500  6.47093675 1.01  1003
s[72]    2.45853257 2.5239665  1.473383e-03  1.603135000  9.09366175 1.01  1020
s[73]    2.35652228 1.3872692  1.117144e+00  1.850155000  6.50993850 1.02   865
s[74]    2.35500100 1.3876561  1.115179e+00  1.848725000  6.50912850 1.02   865
s[75]    1.21093638 1.4024693  1.531230e-02  0.669874500  5.31584200 1.01   872
s[76]    1.87022301 2.0900073  1.361231e-02  1.108355000  7.81181200 1.01   875
s[77]    2.10663492 2.1226699  7.787350e-02  1.356800000  8.22662050 1.01   872
s[78]    1.45068793 2.1225872  7.996208e-06  0.505462500  7.62257725 1.01   876
s[79]    1.63348503 1.1445098  1.000000e+00  1.086915000  5.11196625 1.02   873
s[80]    2.09579901 1.5420274  2.620684e-01  1.640425000  6.53275525 1.01   981
s[81]    1.87603595 2.2493620  2.356367e-03  0.999175500  8.11713725 1.01   996
s[82]    1.67216584 1.4009359  3.811282e-01  1.064500000  5.61746325 1.01  1000
s[83]    3.23230530 2.2763534  1.002848e+00  2.475280000  9.24356950 1.01  1017
s[84]    1.05698450 1.7136288  3.171932e-06  0.298727500  6.18235450 1.01   869
s[85]    1.72760317 2.2085986  2.356287e-03  0.815217500  7.99887700 1.01   875
s[86]    1.40954335 2.1027558  3.372424e-06  0.495304500  7.58163425 1.01   873
s[87]    1.65555614 2.1537071  1.494411e-04  0.788880000  7.78290975 1.01   876
s[88]    1.43747193 2.1755704  7.964001e-06  0.421182500  7.77702150 1.01   878
s[89]    3.23230530 2.2763534  1.002848e+00  2.475280000  9.24356950 1.01  1017
s[90]    1.27654762 1.2214866  1.286538e-02  0.834997000  4.43122350 1.01  1023
s[91]    1.63432215 1.1005791  5.092674e-02  1.421595000  4.17377575 1.01  1074
s[92]    1.68560787 1.8603240  1.251364e-02  1.070280000  7.07961550 1.01   867
s[93]    0.88601629 1.3300004  7.084620e-09  0.294390000  4.69302675 1.01   870
s[94]    0.62419114 1.0121479  1.173170e-06  0.216075000  3.63515975 1.02   863
s[95]    1.24510423 1.9795202  2.574719e-08  0.329103000  7.05421300 1.01   872
s[96]    1.25436210 1.9842469  8.090702e-07  0.343875000  7.11509925 1.01   872
s[97]    1.43544019 1.5414027  1.005317e-04  0.852872500  5.26431225 1.01  1037
s[98]    2.00939844 2.1482476  7.479763e-02  1.211730000  8.23105725 1.01   872
s[99]    1.85871539 2.1774219  3.571515e-03  1.060490000  8.06896900 1.01   874
s[100]   1.56274486 1.5464270  9.637752e-02  0.962889500  5.97901675 1.01   995
s[101]   2.18561959 1.6434804  4.757876e-02  1.788650000  6.08293050 1.01  1046
s[102]   1.06744234 0.8465489  8.533323e-02  0.780178500  3.42243750 1.01  1000
s[103]   1.65637930 1.3929855  3.811282e-01  1.050730000  5.59686900 1.01   998
s[104]   1.79710190 2.0882780  1.346691e-02  1.004680000  7.76005675 1.01   875
s[105]   2.54170328 1.5416918  2.410345e-01  2.228710000  6.15739275 1.01  1072
s[106]   1.58973413 1.5697088  9.637772e-02  0.985094000  6.06680775 1.01   995
s[107]   2.90949997 1.4351352  1.962906e+00  2.287170000  7.09012500 1.01   868
s[108]   2.11885030 2.6006908  2.277207e-03  1.095595000  9.53829975 1.01   878
s[109]   0.49552398 0.7940892  1.173170e-06  0.198237000  2.84132625 1.02   862
s[110]   0.80210466 1.5937332  3.279607e-12  0.083806400  5.69598025 1.02   968
s[111]   0.58964644 1.1865212  2.255088e-11  0.067174350  4.22599875 1.02   965
s[112]   2.13150393 1.6385683  1.484170e-02  1.785220000  5.91733125 1.01  1075
s[113]   1.98563648 2.4678778  4.483786e-04  0.940021000  8.77256825 1.01  1011
s[114]   2.54479826 2.4406590  6.727680e-03  1.796300000  8.76395175 1.01  1028
s[115]   2.12671043 2.1669210  5.498989e-02  1.283700000  7.96775075 1.01  1013
s[116]   2.00967490 2.5756138  2.095081e-03  0.953997500  9.41118075 1.01   877
s[117]   1.63348503 1.1445098  1.000000e+00  1.086915000  5.11196625 1.02   873
s[118]   1.61899744 0.9781983  1.367131e-01  1.427045000  3.93104950 1.01  1065
s[119]   2.90418293 1.4371588  1.941013e+00  2.284195000  7.08759025 1.01   869
s[120]   0.73421203 1.5013692  3.258694e-12  0.073314500  5.36122875 1.02   964
s[121]   2.78794856 2.4694907  1.125623e-02  2.102595000  9.02631750 1.01  1030
s[122]   2.90663688 1.4372011  1.948365e+00  2.285575000  7.09112025 1.01   869
s[123]   0.75926242 1.1909578  1.282636e-09  0.171912000  4.20453325 1.01   881
s[124]   1.21944691 1.3666573  1.531230e-02  0.702122000  5.16984800 1.01   873
s[125]   1.01168669 1.1567876  2.871119e-04  0.589947000  4.15052700 1.01   998
s[126]   0.63127429 0.9454578  3.611440e-08  0.202957500  3.34443300 1.01   872
s[127]   0.82584388 0.9862268  2.870754e-04  0.456003000  3.57428775 1.01   874