
	WATERSHED 4

logit(theta[i]) <-  beta[1] + beta[2] * Agr[1] + beta[3] * Elv[i] + beta[4] * Area[i] + beta[5] * Urb[i] +
beta[6] * Slop[i] + beta[7] * Temp[i] + beta[8] * For[i] + beta[9] * s[i]

               mean        sd          2.5%          50%      97.5% Rhat n.eff
alpha    0.74870743 0.5564205  2.453771e-01  0.586242500  2.2736345 1.00  1046
beta[1]  1.33286154 2.7872856 -4.203500e+00  1.386055000  6.9253660 1.00  1500
beta[2] -2.31768599 1.7225811 -5.702451e+00 -2.273220000  1.3450182 1.00  1420
beta[3] -1.12800417 0.9945645 -3.164124e+00 -1.102010000  0.7340169 1.00  1500
beta[4]  2.43823386 1.0540210  6.660251e-01  2.381705000  4.6494030 1.00  1578
beta[5] -0.69734699 0.7632073 -2.250897e+00 -0.672448000  0.7257799 1.00  1500
beta[6] -0.32287503 0.6370466 -1.590625e+00 -0.313456500  0.8745563 1.00  1500
beta[7] -1.27492290 1.2694936 -3.939799e+00 -1.198680000  1.0389655 1.00  1500
beta[8]  1.27739155 0.7990061 -1.690536e-01  1.222270000  2.9243102 1.01  1500
beta[9] -1.37805464 0.5050939 -2.487813e+00 -1.341250000 -0.4930996 1.00  1459
s[1]     2.65592922 0.4408228  1.855293e+00  2.620380000  3.6640200 1.00   674
s[2]     0.09598373 0.1768482  1.778206e-08  0.027328500  0.5847357 1.02   653
s[3]     2.45480819 0.5118561  1.436829e+00  2.441965000  3.5535452 1.00   673
s[4]     2.65592922 0.4408228  1.855293e+00  2.620380000  3.6640200 1.00   674
s[5]     2.00001304 0.7192748  5.387197e-01  2.006875000  3.4741482 1.00   681
s[6]     1.45213680 1.1187367  2.089649e-02  1.261635000  4.1513432 1.00   688
s[7]     0.80474310 0.8324887  1.106910e-03  0.560623000  2.9707797 1.00   676
s[8]     2.25294131 0.8533771  1.117385e+00  2.096520000  4.3578342 1.00   682
s[9]     2.25294131 0.8533771  1.117385e+00  2.096520000  4.3578342 1.00   682
s[10]    1.69095214 0.9680751  2.222641e-01  1.563100000  3.9747437 1.00   665
s[11]    1.64976591 1.1060541  1.607317e-01  1.448650000  4.3868137 1.00   685
s[12]    1.73880383 1.0914706  2.445115e-01  1.526720000  4.4813035 1.00   683
s[13]    2.91638430 1.1323449  1.291164e+00  2.749370000  5.5912905 1.00   668
s[14]    1.54593048 0.8869145  2.219174e-01  1.429135000  3.6211770 1.00   666
s[15]    1.92318569 0.9872620  3.245318e-01  1.830915000  4.1547420 1.00   650
s[16]    2.91638430 1.1323449  1.291164e+00  2.749370000  5.5912905 1.00   668
s[17]    2.91638430 1.1323449  1.291164e+00  2.749370000  5.5912905 1.00   668
s[18]    2.66326962 1.1875356  9.117372e-01  2.486310000  5.4870500 1.00   667
s[19]    2.66326962 1.1875356  9.117372e-01  2.486310000  5.4870500 1.00   667
s[20]    2.40047598 1.1946459  5.529186e-01  2.248630000  5.1764060 1.00   672
s[21]    2.40047598 1.1946459  5.529186e-01  2.248630000  5.1764060 1.00   672
s[22]    1.48206450 1.1320952  1.175915e-01  1.212570000  4.4044835 1.00   678
s[23]    1.48206450 1.1320952  1.175915e-01  1.212570000  4.4044835 1.00   678
s[24]    1.85863946 1.4796537  4.087511e-02  1.551765000  5.4813427 1.00   691
s[25]    1.85863946 1.4796537  4.087511e-02  1.551765000  5.4813427 1.00   691
s[26]    2.32272853 1.4173741  2.506864e-01  2.110620000  5.6811515 1.00   699
s[27]    2.06067176 1.1612946  1.775451e-01  1.977250000  4.6212102 1.00   655
s[28]    2.73940649 1.1836495  9.787524e-01  2.561665000  5.5591097 1.00   667
s[29]    2.73940649 1.1836495  9.787524e-01  2.561665000  5.5591097 1.00   667
s[30]    1.91233106 1.5729975  3.958203e-02  1.562660000  5.7997037 1.00   690
s[31]    1.91233106 1.5729975  3.958203e-02  1.562660000  5.7997037 1.00   690
s[32]    2.63408198 1.3085228  5.449625e-01  2.468640000  5.6898322 1.00   673
s[33]    5.11127019 1.2826850  2.518034e+00  5.112105000  7.7274135 1.00   692
s[34]    1.17859935 0.9179933  4.983201e-02  0.990230000  3.4497205 1.00   682
s[35]    0.96540433 0.3346474  4.655925e-01  0.912340500  1.7883150 1.01   644
s[36]    5.47546833 1.1157724  3.329180e+00  5.439380000  7.8485082 1.00   679
s[37]    5.47546833 1.1157724  3.329180e+00  5.439380000  7.8485082 1.00   679
s[38]    1.93526289 0.9854581  5.686711e-01  1.770105000  4.3224425 1.00   692
s[39]    2.02711589 1.0094110  5.797959e-01  1.871385000  4.4495057 1.00   695
s[40]    2.57574561 1.0535516  1.139471e+00  2.380620000  5.1660122 1.00   690
s[41]    5.48387189 1.1030066  3.333499e+00  5.455015000  7.8159332 1.00   682
s[42]    1.03101222 1.0283554  1.441962e-03  0.741371000  3.6874567 1.00   681
s[43]    0.06217616 0.1609439  5.198860e-10  0.008462075  0.4637393 1.05   727
s[44]    2.03019681 1.2615570  2.440564e-01  1.811265000  5.0716345 1.00   696
s[45]    0.34653655 0.4523382  8.228679e-05  0.189889500  1.5875502 1.01   667
s[46]    1.05416814 0.3997098  5.039812e-01  0.973882000  2.0655165 1.00   674
s[47]    2.57574561 1.0535516  1.139471e+00  2.380620000  5.1660122 1.00   690
s[48]    1.02747535 0.3779277  5.039139e-01  0.951865500  1.9844515 1.01   674
s[49]    5.48387189 1.1030066  3.333499e+00  5.455015000  7.8159332 1.00   682
s[50]    0.74773046 0.7564587  8.513864e-04  0.534914500  2.7095560 1.00   677
s[51]    3.32156291 1.5603430  4.055725e-01  3.324685000  6.4848870 1.00   682
s[52]    2.69908300 1.7124954  1.011001e-01  2.528415000  6.4875942 1.00   659
s[53]    0.73646725 0.5566266  7.817974e-02  0.598691000  2.2125012 1.00   669
s[54]    5.07687970 1.2685621  2.434891e+00  5.099025000  7.6168367 1.00   700
s[55]    0.87258385 0.7095106  4.883046e-02  0.702752500  2.6908577 1.00   673
s[56]    0.94469488 0.3163366  4.655626e-01  0.896011000  1.7196090 1.01   644
s[57]    0.96890085 0.9166269  2.500807e-03  0.737358500  3.3032947 1.00   678
s[58]    0.85616871 0.6840375  7.818572e-02  0.673421500  2.6725512 1.00   672